-6.55 -18.93 -64.98 3.75
-5.73 -14.89 -63.37 3.4
-4.42 -13.66 -58.95 3.05
-1.96 -10.07 -52.5 2.92
-1.03 -9.4 -48.62 2.93
3.4 -4.02 -44.76 3.11
6.22 -1.04 -42.45 3.26
10.24 1.02 -39.32 6.92
12.53 4.23 -37.23 5.7
14.39 7.87 -35.19 4.49
16.83 13.15 -32.47 3.47
17.49 16.08 -28.63 2.1
20.87 17.98 -26.05 1.41
23.87 20.17 -24.49 0.72
27.66 23.07 -21.54 0.5
31.45 23.86 -16.67 0.27
33.37 21.79 -13.03 8.15

-21.38 3.69 -79.74 5.47
-17.49 8.01 -80.83 6.94
-15.67 11.79 -81.16 7.34
-13.05 17.38 -81.52 7.73
-10.93 20.48 -80.13 8.12
-8.84 24.11 -79.18 8.52
-3.59 27.34 -76.48 7.76
-0.66 27.31 -73.7 7.15
2.27 27.27 -70.92 6.53
4.23 26.37 -65.4 5.3
3.77 24.13 -60.43 4.44
2.9 22.47 -56.52 3.58
7.82 22.5 -51.07 5.2
11.52 24.99 -44.61 4.32
13.86 29.39 -42.83 5.01
16.21 33.86 -41.11 5.71
15.83 36.34 -35.47 5.15
16.5 35.59 -31.08 4.87
18.38 35.03 -26.84 4.59
21.31 37.64 -23.72 3.47
24.41 40.42 -19.63 4.16
27.38 42.98 -15.55 4.85
31.0 46.94 -15.34 5.31
36.85 49.47 -12.78 5.77
40.33 49.61 -7.37 4.45
46.42 50.9 -5.77 3.13

7.93 -33.73 -61.25 0.66
12.59 -30.67 -60.17 2.58
14.44 -28.07 -57.73 3.04
15.76 -24.81 -52.87 2.0
17.27 -21.71 -48.25 0.97
18.35 -17.69 -45.98 3.76
22.38 -13.86 -42.26 2.53
27.44 -10.83 -39.5 2.85
30.98 -7.78 -36.36 3.18
35.15 -3.67 -31.14 3.72
37.09 -0.59 -29.2 3.99
40.11 3.22 -27.94 4.97
41.9 7.48 -26.93 5.96
43.4 9.73 -23.73 5.46
45.78 10.82 -20.64 3.92
48.19 11.79 -17.41 2.39
52.93 13.91 -13.19 2.04
57.08 16.82 -12.83 1.94
60.35 20.17 -11.19 1.84

-23.08 3.96 -68.79 1.81
-22.63 11.1 -68.93 1.88
-21.52 16.27 -68.2 3.87
-20.02 19.74 -63.02 4.81
-17.64 22.5 -61.32 4.28
-15.08 26.28 -60.08 3.76
-12.48 29.78 -57.98 8.35
-7.76 33.99 -55.88 9.98
-3.36 36.27 -54.12 6.53
1.0 33.97 -48.58 4.3
3.58 33.2 -42.1 2.07
4.2 36.99 -40.58 3.0
4.05 42.64 -40.84 5.55
6.98 47.1 -36.08 7.62
11.03 49.22 -34.41 6.98
15.2 50.19 -32.94 6.35
17.31 52.86 -30.16 5.17
20.86 55.14 -29.03 4.53
24.15 57.95 -29.05 4.09
28.3 60.37 -29.6 3.65
31.13 63.33 -29.28 3.54
34.74 66.37 -30.38 3.42
40.33 67.44 -25.37 6.49

-36.21 -70.61 17.2 8.85
-30.98 -67.09 21.18 3.45
-28.73 -61.44 24.53 9.54
-27.94 -58.01 26.65 5.27
-28.92 -51.46 25.87 1.0
-23.96 -49.46 30.26 3.47
-21.53 -48.76 33.77 6.79
-20.05 -45.1 35.16 3.92
-17.99 -40.9 36.2 1.04
-13.83 -39.95 38.09 3.65
-10.73 -38.02 40.65 2.87
-8.53 -35.15 43.54 2.09
-5.95 -32.26 47.82 4.0
-2.24 -27.61 51.31 1.34
1.45 -27.98 56.19 4.44
5.11 -24.74 58.41 4.84
7.13 -21.14 61.09 5.25
8.53 -15.85 62.63 3.11
11.26 -10.82 64.98 0.96
13.75 -7.77 67.54 5.39

-46.51 -32.57 -8.02 7.35
-42.39 -30.26 -3.35 1.19
-37.85 -27.49 -1.1 1.51
-34.26 -23.75 0.87 4.19
-31.57 -18.6 4.61 2.95
-27.78 -15.64 6.41 5.11
-24.79 -13.05 7.45 4.82
-21.55 -10.95 9.01 4.54
-17.39 -8.66 12.24 3.59
-14.5 -6.98 16.0 3.5
-13.29 -4.31 18.94 3.2
-12.07 -1.26 22.46 2.9
-11.31 1.15 26.23 3.31
-10.34 3.71 29.9 3.73
-6.85 6.75 31.94 0.26
-2.95 10.18 37.67 1.21
-1.13 8.26 42.06 5.22
3.79 9.11 47.22 6.05
7.01 11.12 52.93 4.45
9.42 15.22 53.92 3.65
12.1 19.3 53.48 2.85

-3.9 -23.63 -10.25 7.3
-0.32 -21.74 -12.82 6.76
2.21 -17.82 -12.87 4.92
4.41 -15.39 -10.35 4.46
6.58 -13.07 -7.83 4.0
9.14 -9.09 -5.6 3.54
13.19 -5.8 -0.84 3.08
16.98 -4.62 3.14 6.13

-52.14 -39.85 5.23 8.3
-49.9 -37.96 8.1 7.19
-44.89 -34.12 10.57 4.45
-41.09 -32.08 10.12 3.09
-37.43 -30.49 10.64 1.72
-33.58 -29.3 14.34 2.38
-33.81 -28.91 18.53 2.7
-34.19 -28.32 22.88 3.03
-30.01 -25.72 26.02 6.24
-24.93 -23.19 30.15 3.82
-21.38 -18.28 31.92 4.79
-16.84 -14.1 34.87 4.55
-13.87 -12.25 38.74 3.34
-10.39 -9.62 44.05 4.59
-6.47 -4.58 45.8 5.84
-3.49 -1.33 49.54 4.89
-1.84 -3.39 54.05 4.7
1.74 -2.82 57.6 8.99

-41.18 -28.98 -17.42 0.92
-37.66 -25.63 -14.87 1.81
-35.66 -23.1 -12.39 2.69
-33.44 -20.37 -9.64 3.4
-30.45 -19.72 -6.43 4.11
-26.92 -17.65 -3.42 2.16
-22.58 -15.57 0.7 0.21
-18.11 -12.14 4.57 0.2
-13.94 -6.86 8.02 0.19
-11.72 -4.18 10.05 1.2
-9.43 -0.87 11.79 2.2
-6.8 1.89 15.25 5.08
-4.5 4.22 17.82 5.37
-1.79 5.98 21.41 4.88
1.2 8.07 24.21 6.19
4.08 9.6 26.99 7.49

-2.53 -6.25 -81.89 9.34
0.38 -2.27 -80.85 3.83
1.07 -0.01 -74.78 3.77
2.7 2.71 -71.86 3.35
4.5 4.81 -68.23 2.92
8.28 7.48 -64.04 2.15
11.61 9.82 -59.98 3.97
15.02 12.14 -54.48 2.16
18.08 14.13 -51.5 2.58
21.19 16.37 -48.68 3.0
24.41 19.5 -45.87 2.96
27.03 22.06 -43.96 2.92
29.72 23.86 -41.57 2.88
35.35 26.94 -39.87 2.84
38.57 27.38 -37.06 7.38
41.41 29.5 -33.23 4.62
43.94 31.52 -29.07 1.85
49.04 35.53 -25.6 7.73

-66.98 2.89 -23.35 6.1
-64.04 7.38 -18.92 0.8
-60.11 12.63 -15.84 4.72
-56.68 15.57 -13.99 3.23
-52.43 18.19 -11.72 1.73
-50.18 20.09 -8.78 1.95
-48.45 21.95 -5.14 2.18
-44.35 25.85 -0.26 5.0
-43.64 28.87 2.73 5.11
-41.26 31.25 5.03 5.23
-39.11 33.84 7.38 4.5
-36.6 37.84 11.37 3.78
-32.39 40.02 12.76 8.46
-28.66 43.37 13.44 3.29
-24.63 46.0 15.3 1.78
-22.59 49.08 17.59 1.76
-20.71 52.07 20.04 1.75
-20.52 57.6 24.58 7.81

14.03 -71.57 -32.7 0.93
18.68 -75.04 -32.05 2.29
23.89 -75.72 -29.82 3.33
27.7 -72.9 -24.43 5.08
27.26 -67.65 -21.19 3.79
26.3 -62.91 -20.76 2.04
27.87 -56.76 -16.97 0.78
32.02 -52.88 -15.68 1.79
35.9 -48.73 -12.23 1.98
37.88 -47.95 -8.71 1.11
40.96 -43.35 -5.3 0.24
43.28 -46.42 -1.59 1.22
49.55 -45.54 1.02 4.16
52.12 -40.49 4.46 3.08
53.36 -34.03 4.66 0.4
58.37 -34.78 8.01 2.37
61.86 -33.47 10.45 4.35
64.53 -30.38 12.46 6.56
68.79 -29.49 14.55 8.12
72.56 -29.57 18.08 7.08
75.82 -27.43 20.83 6.56
79.62 -25.97 23.61 6.04
81.64 -23.1 29.14 8.0
81.52 -19.48 32.15 9.97

-10.22 -35.91 -40.63 3.16
-5.6 -31.6 -36.22 5.0
-2.88 -27.93 -35.2 3.94
-2.03 -22.9 -33.35 2.88
-0.33 -19.74 -29.89 2.65
0.77 -17.5 -26.68 2.41
3.59 -15.22 -23.92 2.01
5.7 -13.3 -19.92 1.6
9.71 -11.44 -16.66 1.25
12.31 -8.57 -13.07 3.68
15.2 -6.57 -10.54 2.11
17.64 -2.23 -8.48 0.53
18.76 1.52 -4.03 2.2
20.91 3.68 -1.21 3.03
25.31 4.28 3.53 3.86
28.22 6.0 6.57 5.08
29.84 4.06 11.03 6.3
31.81 0.83 14.2 8.11

-70.34 -21.91 1.7 0.38
-66.84 -20.72 7.87 3.72
-62.91 -18.15 9.22 3.91
-59.13 -16.1 9.75 4.1
-54.92 -13.41 10.15 1.15
-49.6 -9.65 11.94 4.67
-47.0 -6.31 15.26 3.9
-43.37 -3.01 19.63 1.72
-42.26 -0.95 26.27 6.39
-40.23 3.23 31.3 5.41
-36.45 6.87 33.36 4.26
-34.16 9.86 38.54 3.11
-30.36 12.0 40.9 8.99
-26.66 15.66 42.04 2.5
-24.11 18.99 41.42 1.32
-21.84 18.18 47.32 3.69
-20.61 18.32 52.94 7.23
-19.8 22.16 58.51 8.22
-17.75 26.48 62.26 9.21
-14.49 29.67 65.04 8.91
-9.18 30.7 66.13 8.61

-47.58 -61.3 23.24 5.78
-44.78 -58.52 25.64 3.97
-41.79 -52.74 26.06 2.17
-40.47 -49.32 31.13 4.86
-36.46 -47.21 33.06 2.84
-32.47 -43.77 32.68 0.82
-31.11 -44.58 38.26 3.7
-29.12 -42.82 41.78 4.37
-26.13 -40.15 43.42 3.93
-21.95 -38.07 43.14 3.49
-19.06 -33.61 45.02 1.06
-17.4 -32.83 50.59 6.57
-15.31 -28.74 51.81 2.13
-11.48 -24.0 55.38 2.71
-7.04 -21.19 59.01 5.97
-4.16 -18.13 60.22 3.48
-2.78 -15.43 64.73 4.68
-0.97 -12.58 68.97 5.88
2.31 -11.55 72.01 5.02
6.05 -10.19 74.51 4.15
9.22 -6.31 75.89 3.23
13.15 -2.29 74.51 2.32

31.78 -81.1 -42.11 9.61
35.43 -78.25 -39.49 6.55
34.15 -74.31 -36.54 5.78
34.55 -70.55 -33.66 4.63
35.18 -66.63 -30.98 3.48
33.8 -60.4 -27.87 4.55
31.8 -56.25 -22.49 1.82
30.19 -52.05 -20.14 1.27
32.48 -46.91 -18.66 0.17
35.8 -43.23 -15.56 0.19
39.76 -41.2 -11.07 3.62
44.9 -40.39 -10.13 4.64
48.88 -40.08 -8.5 5.66
52.3 -37.91 -6.23 6.2
57.56 -33.22 -3.62 4.58
57.47 -30.0 -0.67 3.98
57.67 -26.89 1.84 3.38
57.39 -23.52 5.33 2.58
58.4 -20.26 7.75 1.78
61.51 -15.99 11.55 1.36
66.12 -14.52 17.9 3.12
71.75 -12.56 16.92 5.91
75.19 -9.16 17.33 8.71

-45.72 -10.62 -24.85 9.32
-43.18 -8.2 -22.87 8.89
-39.79 -6.11 -21.45 8.45
-33.86 -1.82 -21.06 8.15
-29.05 1.14 -19.3 7.76
-24.49 2.23 -15.27 7.37
-17.36 2.78 -12.49 6.98
-14.15 4.87 -11.13 6.59
-12.85 6.2 -7.08 6.2

-56.41 -51.63 19.44 7.26
-54.22 -49.34 22.04 5.09
-49.65 -45.36 22.29 2.92
-46.36 -40.89 24.82 4.65
-42.66 -38.89 26.85 6.37
-38.78 -35.51 32.6 4.09
-35.81 -33.01 36.96 6.63
-34.32 -30.31 40.19 7.93
-30.79 -25.05 44.05 6.24
-26.41 -22.77 44.54 3.26
-23.19 -19.97 47.0 5.91
-20.98 -17.56 49.82 5.81
-19.01 -15.16 52.53 5.72
-16.19 -13.0 55.22 2.6
-13.17 -11.5 57.93 0.84
-12.32 -7.74 63.39 5.16
-9.85 -5.38 65.96 4.87
-7.39 -3.26 68.32 4.57
-2.66 -0.29 70.8 2.66
1.83 2.21 73.63 4.94
4.93 5.91 76.27 7.23

-33.3 8.28 -63.81 6.95
-30.91 12.35 -61.79 2.85
-29.37 13.06 -55.89 2.52
-27.26 14.95 -52.68 2.02
-24.56 17.61 -50.22 1.52
-20.98 21.49 -46.88 0.53
-19.18 24.83 -42.49 4.53
-16.1 26.96 -40.8 3.97
-13.42 29.53 -39.19 3.4
-7.69 32.8 -34.81 4.49
-3.53 36.74 -30.23 0.92
-0.27 40.78 -27.26 4.52
1.86 43.4 -23.9 1.04
5.68 48.01 -19.05 1.22
7.02 54.58 -19.93 3.42
7.85 59.01 -19.87 5.62
9.28 62.51 -17.87 5.65
10.24 66.36 -16.24 5.68
13.25 71.44 -15.01 2.93
17.59 69.9 -10.16 1.55
20.71 65.78 -5.36 0.87
23.52 62.41 -3.24 0.18

-1.66 -62.2 -21.38 2.91
1.44 -58.17 -17.04 4.22
2.53 -53.58 -13.55 3.6
6.91 -51.44 -9.53 2.99
8.53 -49.28 -6.11 4.71
10.31 -43.21 -2.39 5.17
10.76 -39.12 -0.58 5.4
10.82 -34.64 1.99 5.63
11.09 -31.27 4.21 4.19
12.37 -29.16 8.18 2.75
17.07 -25.26 12.81 3.08
21.53 -20.79 16.22 3.4
26.98 -17.97 17.79 3.63
30.83 -15.36 20.28 3.74
33.92 -12.08 20.31 3.8
36.86 -6.25 22.35 3.27
40.84 -2.59 23.01 2.68
45.33 0.21 25.09 2.69
47.2 3.61 26.14 2.7
50.05 8.36 26.18 2.7
53.0 9.49 30.09 6.34

-43.09 -55.61 8.13 9.72
-40.88 -53.23 11.3 7.97
-38.86 -48.83 13.71 6.23
-35.68 -43.78 12.6 5.64
-33.41 -40.53 13.83 5.06
-30.31 -37.91 15.33 6.25
-26.4 -36.43 16.46 4.19
-23.87 -34.58 20.36 2.13
-20.92 -31.29 22.75 2.14
-18.24 -29.24 25.12 1.75
-15.45 -26.19 28.95 1.36
-11.31 -21.05 31.05 3.23
-7.99 -17.3 32.23 0.31
-3.86 -13.54 36.45 4.89
0.96 -9.02 38.93 3.19
3.89 -5.42 42.78 0.87
8.34 -2.68 44.83 3.62
11.2 -2.09 47.94 3.09
14.13 2.33 51.12 2.57
15.14 5.95 55.0 2.7
16.35 9.52 58.75 2.83

-55.32 -16.67 -16.8 2.09
-52.43 -14.82 -13.28 3.86
-50.28 -10.66 -10.59 4.61
-46.55 -8.49 -8.26 4.84
-44.43 -4.68 -4.31 5.08
-43.02 -1.57 -2.2 4.42
-41.07 1.81 -0.84 3.76
-37.72 6.07 3.09 0.95
-32.14 10.46 5.52 4.84
-27.4 13.16 8.89 4.53
-24.19 15.11 11.82 4.23
-21.33 17.53 13.67 2.91
-17.78 21.57 15.6 1.59
-14.4 24.75 19.5 7.3
-12.35 27.47 22.19 5.62
-9.96 29.95 24.91 3.94
-6.93 32.97 28.4 5.16
-5.11 35.9 31.98 5.61
-2.6 39.01 35.3 6.07
0.31 40.74 38.02 6.0
3.08 43.73 39.32 5.92

-11.2 -63.98 -13.52 3.38
-6.95 -61.42 -10.28 3.07
-6.25 -54.73 -8.2 2.77
-4.25 -53.82 -4.68 2.29
-1.61 -53.01 -1.14 1.82
1.71 -51.78 1.2 3.13
4.84 -50.31 3.42 4.44
8.24 -48.0 6.04 3.65
8.69 -41.87 8.47 2.07
8.83 -37.67 9.2 0.49
12.91 -33.92 13.97 2.31
18.0 -31.77 16.9 2.41
21.17 -31.14 19.74 4.14
24.27 -29.59 22.36 5.01
28.25 -27.08 26.11 5.87
31.65 -24.85 28.0 7.12
35.06 -22.62 29.89 8.37
39.37 -21.75 32.14 8.35
43.27 -20.1 35.49 7.42
47.4 -17.39 38.02 6.48
51.63 -12.68 40.85 6.15
52.75 -7.51 43.34 7.96

-17.68 11.76 -53.41 7.39
-13.96 12.76 -51.54 2.77
-8.92 12.69 -48.92 1.99
-6.39 19.37 -49.18 1.22
-3.26 23.86 -45.05 4.77
0.49 24.82 -40.22 2.32
4.41 26.15 -35.51 3.41
7.24 28.83 -33.48 4.5
6.51 35.46 -30.57 3.19
8.39 37.83 -27.72 2.63
10.44 40.71 -25.29 2.07
13.32 44.24 -21.93 4.58
15.83 46.43 -19.52 5.02
17.8 49.72 -17.3 5.46
20.52 55.61 -17.47 6.35
23.46 59.17 -16.43 6.35
26.55 64.21 -16.5 6.36
29.5 67.24 -13.62 9.3

-57.48 -3.62 -26.16 3.91
-55.21 -1.06 -23.28 3.29
-51.71 1.94 -20.4 2.66
-47.87 4.94 -18.76 3.86
-43.51 7.51 -17.43 4.37
-39.89 10.37 -14.17 4.87
-38.03 14.41 -9.91 3.19
-33.27 18.52 -5.17 6.34
-29.64 20.1 -2.52 4.28
-25.91 21.66 -1.19 3.61
-23.83 24.09 1.72 3.91
-22.32 27.42 3.84 4.22
-19.43 32.13 6.87 6.16
-15.41 35.7 11.31 4.51
-9.33 38.25 14.84 2.86
-6.59 40.67 19.83 4.02
-5.08 44.06 22.94 5.17
-3.16 45.89 26.03 4.57
-0.71 48.03 29.21 3.97
2.46 50.93 32.07 3.56

-7.31 -47.65 -34.1 8.44
-4.44 -44.82 -31.37 8.11
-0.93 -40.13 -27.16 7.78
0.81 -35.81 -25.48 7.44
5.5 -30.61 -24.54 7.11
10.33 -25.07 -22.6 6.36
13.3 -22.72 -18.29 5.99
15.96 -19.51 -12.72 5.62
19.29 -17.04 -7.82 6.7
23.12 -15.07 -6.75 7.79
26.82 -12.98 -4.43 8.34
32.48 -9.35 -3.7 7.83
36.55 -5.18 -2.34 6.77
39.34 -1.31 -1.02 5.71

-9.97 -69.64 -5.5 6.11
-6.04 -66.13 -0.77 4.65
-1.91 -63.92 2.85 4.32
0.57 -61.15 6.27 4.0
2.94 -57.8 8.63 2.33
6.36 -53.54 10.98 0.67
9.73 -55.0 13.7 2.94
14.48 -56.93 15.43 5.22
17.04 -54.34 18.3 9.77
19.37 -51.56 22.04 5.47
17.27 -46.72 22.91 3.32
18.85 -43.7 25.14 4.35
20.43 -40.69 27.36 5.38
21.76 -41.67 31.01 3.98
23.09 -42.65 34.65 2.57
26.46 -40.42 38.92 9.87
28.43 -35.77 43.08 3.64
29.92 -31.26 43.36 2.98
33.73 -30.48 44.78 4.7
37.49 -29.28 46.39 6.42
40.79 -27.08 48.32 3.56
43.05 -23.4 50.22 4.35
47.25 -21.3 54.24 5.14
48.21 -16.18 56.81 8.14

-42.87 -6.46 -36.02 2.65
-38.4 -2.76 -33.41 2.49
-34.51 -0.71 -32.29 2.32
-31.62 3.32 -30.71 2.11
-29.58 8.15 -28.3 1.91
-27.68 10.45 -24.16 1.82
-25.85 14.12 -20.43 1.74
-22.86 15.56 -15.97 4.96
-19.87 17.04 -11.82 5.41
-16.58 19.08 -7.92 6.38
-14.51 21.0 -4.52 4.86
-12.85 23.59 -1.28 3.33
-9.25 27.85 3.04 4.09
-6.37 33.06 4.82 4.85
-3.77 36.18 5.7 4.23
-1.48 39.3 6.78 3.6
1.03 41.8 9.0 2.93
1.49 45.61 13.21 2.26
2.48 49.76 18.22 4.34
4.13 51.9 21.63 4.7
6.51 53.93 24.22 5.06

20.97 -63.84 -44.79 9.39
21.4 -65.02 -39.91 4.17
22.16 -62.13 -33.28 2.42
23.72 -58.29 -30.49 1.5
25.56 -55.55 -26.88 0.58
28.87 -53.13 -26.58 0.93
32.48 -50.48 -26.01 1.27
36.03 -45.23 -27.21 1.96
39.06 -43.05 -25.61 2.84
42.1 -40.87 -24.01 3.73
45.69 -36.24 -19.42 4.25
47.88 -33.59 -17.35 3.7
51.18 -31.65 -15.56 3.43
53.9 -29.2 -13.32 3.16
57.03 -26.64 -11.0 3.36
61.18 -22.53 -7.78 3.57
65.7 -18.74 -4.58 5.81
66.65 -15.42 -1.61 6.62
65.93 -13.82 2.28 4.53
65.04 -10.15 5.48 2.44
66.77 -5.22 8.66 1.72
67.54 -1.6 10.87 1.0

-68.52 -40.36 21.16 9.17
-65.43 -37.44 24.83 6.3
-58.07 -34.74 25.84 3.43
-57.06 -31.03 30.17 6.79
-53.84 -28.77 31.73 9.02
-50.44 -24.6 34.02 1.81
-48.78 -20.59 35.65 5.2
-46.89 -17.28 37.38 8.6
-43.85 -13.85 41.11 4.38
-40.64 -10.7 45.12 8.28
-37.65 -9.68 49.4 8.7
-34.73 -7.87 52.91 8.78
-31.45 -5.98 55.94 8.86
-26.07 -2.62 58.63 3.82
-21.24 1.64 55.74 0.94
-18.7 4.27 58.85 2.87
-15.23 7.31 62.18 4.01
-14.1 8.43 68.18 3.0
-11.67 11.55 71.13 8.47
-8.64 14.07 72.14 4.32
-5.15 17.35 72.06 0.17

-77.17 -9.81 -6.75 6.68
-77.84 -6.74 -3.33 5.95
-79.21 -2.19 3.03 5.21
-76.61 1.02 5.55 8.39
-72.6 3.81 8.26 7.59
-70.19 7.38 11.73 6.78
-65.61 12.4 13.98 9.86
-61.0 15.46 13.41 3.06
-53.31 14.92 13.35 2.94
-47.94 19.19 16.48 2.76
-45.26 20.96 19.28 2.68
-39.97 24.3 22.71 0.93
-36.7 27.02 25.76 2.28
-33.51 29.82 28.88 3.63
-29.11 33.84 32.57 0.24
-26.16 36.8 35.36 1.9
-23.73 39.59 37.91 0.64
-22.26 43.44 38.64 2.35
-22.75 51.16 39.37 3.21
-22.06 54.84 41.84 6.14

-71.48 22.13 -39.83 5.62
-69.36 25.92 -36.48 5.83
-64.4 29.85 -32.86 6.04
-59.46 31.74 -29.22 6.78
-56.92 33.66 -26.22 7.52
-54.11 35.84 -23.54 7.78
-51.58 38.9 -22.79 8.03
-49.01 41.44 -20.24 7.36
-46.58 43.45 -16.63 4.85
-43.98 46.62 -13.06 5.53
-41.38 50.13 -9.25 6.21
-37.35 54.03 -6.23 6.66
-32.88 57.14 -2.44 7.11
-29.67 57.83 1.07 4.75
-25.51 56.87 3.25 2.39
-25.43 63.25 1.91 5.62
-26.43 67.8 1.54 8.85
-24.88 74.1 1.84 3.63
-22.34 73.73 7.86 2.76
-22.75 74.19 12.06 1.89

7.6 -64.8 -26.54 6.55
9.89 -62.06 -23.31 6.25
12.08 -57.22 -19.95 6.11
16.96 -52.63 -18.65 5.67
21.77 -47.18 -15.58 5.37
24.58 -44.17 -14.35 5.08
27.98 -41.36 -11.37 4.79
31.49 -37.07 -7.72 4.2

-58.97 -10.44 -20.72 3.68
-56.38 -8.42 -17.23 2.65
-52.51 -4.44 -15.14 2.85
-48.91 -2.15 -13.27 3.05
-45.45 0.32 -11.63 3.25
-39.64 1.89 -10.27 3.46
-33.93 0.39 -7.8 4.07
-30.89 1.84 -5.07 3.68
-27.94 3.92 -1.92 3.28
-24.91 6.11 -0.4 3.75
-21.87 8.29 1.13 4.23
-16.06 12.07 2.43 3.99
-13.36 14.81 4.3 3.53
-10.13 19.13 6.04 2.82
-6.96 21.98 9.01 2.11
-3.09 25.12 11.4 0.45
2.1 28.51 16.05 4.37
4.31 30.73 19.29 6.63
6.03 35.49 23.41 7.86
7.96 38.28 25.96 7.28
11.98 41.71 29.5 6.71

-42.49 -41.04 -4.59 1.12
-38.67 -40.11 -0.91 2.06
-35.13 -36.01 2.63 3.0
-30.82 -30.78 3.02 3.57
-28.46 -27.04 7.16 2.81
-23.17 -25.77 11.47 4.16
-20.23 -23.73 14.8 4.6
-17.83 -21.46 17.13 5.52
-15.42 -19.18 19.46 6.44
-13.08 -15.99 22.2 4.58
-10.02 -10.13 24.78 1.36
-6.91 -5.92 30.03 5.33
-3.68 -2.41 32.35 3.06
-0.39 1.6 33.09 0.79
2.61 4.62 34.84 1.05
6.87 5.98 37.37 1.32
10.16 9.17 38.83 2.74
11.92 13.85 40.91 4.16
14.76 15.06 45.2 5.14
20.56 16.9 48.4 5.44

-19.18 -43.9 -22.44 8.41
-16.52 -41.16 -20.14 4.86
-14.6 -38.07 -17.4 1.3
-11.09 -36.04 -13.09 1.53
-8.71 -34.62 -10.2 2.01
-5.02 -34.55 -6.71 2.48
1.45 -34.89 -7.77 3.97
4.58 -28.91 -3.63 4.08
4.49 -24.21 -1.99 3.54
5.24 -17.83 2.53 2.03
8.18 -13.89 4.61 3.3
9.95 -10.17 9.88 4.66
12.93 -8.38 12.94 4.75
16.24 -2.86 14.79 2.49
21.45 0.01 18.35 1.11
22.26 3.75 22.68 2.95
25.35 5.99 24.38 4.78

24.75 -45.82 -36.41 9.64
24.42 -45.08 -32.48 0.74
24.86 -41.81 -26.15 0.86
28.04 -38.24 -23.17 1.12
30.96 -36.34 -20.2 1.37
33.89 -34.21 -15.36 1.63
35.38 -30.91 -12.67 2.36
38.69 -28.33 -10.08 3.1
42.64 -25.62 -7.62 3.83
46.4 -22.39 -5.3 9.12

-19.7 -63.65 -3.67 0.3
-16.27 -63.08 -0.31 1.08
-12.93 -61.48 3.4 1.86
-7.57 -58.69 6.81 2.93
-3.8 -53.79 9.56 3.81
-1.12 -51.0 13.76 3.61
2.25 -46.45 16.7 5.35
6.47 -41.24 20.03 5.77
8.01 -39.28 23.52 5.32
9.56 -36.11 26.06 4.87
12.87 -31.96 28.59 4.51
14.71 -28.1 31.23 4.15
16.9 -24.65 33.45 3.42
19.11 -21.44 34.74 2.97
22.0 -19.23 36.73 2.52
26.34 -16.61 41.65 4.02
29.27 -15.27 45.71 6.71
31.54 -14.15 49.81 9.39

-29.31 -34.63 -25.48 5.03
-26.53 -32.1 -23.32 3.22
-24.29 -28.97 -17.76 1.41
-21.02 -23.34 -14.69 0.22
-16.77 -20.32 -12.3 1.17
-13.21 -18.21 -11.93 2.11
-9.41 -15.83 -9.68 1.31
-4.72 -13.61 -7.03 0.79
-2.23 -13.06 -3.65 3.09
1.72 -8.24 0.23 4.1
2.81 -5.32 3.18 4.55
5.35 -2.13 5.67 4.28
9.14 0.31 8.05 4.01
12.93 4.88 11.61 3.52
18.29 7.78 14.81 3.02
20.69 10.9 16.35 3.29
22.92 13.88 18.02 3.57
25.36 13.96 21.8 1.23
30.61 13.67 26.49 3.33
33.93 14.52 29.83 4.18
36.65 17.43 32.45 5.03

-67.13 -13.72 -6.96 2.48
-65.63 -10.0 -3.74 3.6
-63.17 -7.19 -1.5 4.72
-57.34 -3.62 0.7 4.3
-51.79 0.87 4.09 2.11
-48.93 1.47 6.97 5.78
-46.19 5.02 9.87 4.78
-44.77 9.07 13.22 5.07
-43.62 11.61 17.23 5.37
-39.42 15.23 22.1 4.72
-35.14 17.28 24.73 4.05
-31.69 20.32 25.94 3.38
-28.11 24.13 28.14 3.02
-26.58 26.31 31.95 2.66
-23.81 29.72 34.11 2.33
-21.19 31.81 37.26 2.01
-20.53 35.78 40.33 1.17
-20.36 39.69 44.64 2.6
-18.49 41.81 47.51 3.32
-16.97 46.08 51.36 4.04
-12.66 48.65 51.39 7.66

0.82 -45.22 -44.6 4.92
3.47 -43.25 -42.22 3.47
4.12 -39.08 -39.32 2.74
5.41 -36.04 -36.75 2.02
4.09 -29.17 -35.15 0.74
7.71 -22.19 -36.27 1.57
10.15 -20.04 -33.86 0.91
12.6 -17.9 -31.52 0.25
17.68 -15.61 -26.1 1.63
21.01 -12.31 -21.02 4.91
25.21 -10.09 -19.73 3.69
27.25 -7.18 -17.06 2.13
29.66 -2.29 -14.6 2.32
32.4 0.76 -12.75 2.51
37.01 4.95 -10.46 2.89
39.51 7.56 -7.56 3.26
42.27 9.16 -3.5 1.03
45.69 11.86 -0.53 1.75
49.57 13.68 0.89 2.16
54.01 16.52 3.52 2.67

-8.46 3.51 -91.67 4.97
-5.02 6.03 -92.78 5.51
-0.84 8.11 -92.92 6.05
3.78 10.25 -91.41 6.59
7.62 11.79 -88.17 7.25
10.68 12.37 -84.6 7.92
12.29 12.48 -80.12 8.72
12.71 12.35 -75.12 6.09
12.32 14.36 -70.45 3.47
10.55 15.95 -64.71 2.45
13.1 20.7 -60.51 3.6
16.2 25.52 -57.07 4.54
19.19 27.85 -54.38 5.48
22.04 29.42 -51.95 3.42
23.79 30.65 -47.96 1.37
26.64 34.73 -46.92 3.67
27.45 38.19 -49.5 4.82
28.26 41.66 -52.2 5.96
32.1 47.76 -52.16 9.89
35.47 50.47 -51.03 7.94
40.51 51.13 -47.56 5.99
46.14 48.8 -42.8 4.18
47.64 52.65 -39.73 3.27
51.46 58.06 -39.4 2.36
50.61 62.35 -36.11 8.06

-72.95 -14.57 2.56 3.55
-70.1 -11.41 4.24 4.09
-67.25 -8.29 6.27 3.3
-63.3 -5.36 7.3 2.51
-58.88 -2.32 11.64 1.36
-56.91 -0.8 17.5 4.99
-53.77 2.02 19.52 3.68
-52.31 6.32 23.14 2.37
-51.23 9.4 26.55 6.03
-50.55 14.13 27.99 6.38
-48.83 17.79 30.01 6.72
-43.48 22.1 33.53 4.58
-36.5 23.07 34.07 0.88
-34.28 27.86 39.06 5.02
-31.55 30.95 42.22 4.48
-28.91 33.76 47.87 6.43
-28.89 36.01 51.63 4.25
-29.3 38.38 54.89 5.48
-31.15 40.85 59.66 6.71
-28.35 44.4 64.24 9.17
-24.19 46.97 66.67 8.19

-18.39 -25.69 -42.27 8.15
-14.66 -22.76 -41.27 4.41
-12.19 -19.57 -40.78 4.37
-9.78 -16.29 -38.31 3.02
-6.52 -13.22 -36.12 1.67
-1.93 -11.76 -33.13 0.69
0.73 -10.06 -27.53 1.87
3.08 -9.22 -23.8 3.04
5.47 -6.49 -20.68 3.47
7.74 -3.45 -18.95 3.9
10.04 -1.77 -16.06 3.3
12.0 -0.35 -12.66 2.7
15.54 4.08 -8.22 1.8
18.68 8.42 -5.22 1.29
23.06 12.72 -0.48 2.58
27.78 16.75 2.23 4.33
31.81 19.12 2.81 4.37
35.18 21.66 3.56 4.4
41.32 22.93 4.83 4.35
45.55 24.6 7.08 6.93
47.77 26.67 9.91 9.51

-34.47 -52.13 -6.28 3.27
-33.58 -49.05 -1.94 5.37
-30.91 -44.56 1.77 5.08
-26.59 -39.4 4.44 4.8
-23.83 -35.42 5.69 4.7
-19.66 -30.62 3.71 4.6
-12.94 -29.45 1.91 2.6
-7.44 -26.62 0.67 0.99
-4.93 -21.95 1.59 2.69
-2.83 -18.26 3.49 4.4
-2.36 -16.4 7.34 4.49
-4.2 -16.36 12.06 4.59
-3.6 -15.26 16.08 4.35
-2.12 -13.03 19.57 4.11
1.14 -8.85 23.83 4.47
4.67 -5.24 26.58 4.83
8.73 -3.02 27.88 3.76
12.79 -0.88 28.59 2.1
15.07 1.69 31.78 0.44
17.03 2.01 37.26 4.33
17.97 6.14 41.81 2.08

-11.37 -57.03 -21.11 6.64
-9.47 -54.68 -18.1 4.8
-6.73 -49.06 -15.75 2.97
-5.53 -45.89 -13.39 2.36
-3.08 -43.3 -9.33 1.75
-2.81 -41.25 -5.69 2.07
-2.52 -39.18 -2.02 2.39
-0.76 -32.46 0.57 2.24
2.82 -28.24 3.1 1.23
7.3 -24.53 3.99 0.21
11.55 -21.81 4.52 2.09
15.7 -19.07 6.87 3.38
19.32 -15.73 9.01 4.66
22.45 -12.2 10.72 5.04
23.29 -10.0 15.38 4.36
23.95 -8.27 20.24 3.68
27.67 -5.66 26.25 4.92
30.09 -2.7 29.48 5.84
34.98 -0.23 33.65 3.07
37.98 1.82 35.7 6.25
40.31 4.05 38.16 9.44

-42.74 0.87 -46.12 1.55
-39.26 4.28 -42.39 2.29
-35.01 7.23 -39.14 2.26
-30.91 9.92 -36.31 2.24
-24.57 13.14 -34.48 1.4
-21.96 17.98 -32.09 3.36
-19.03 20.33 -28.44 5.9
-16.36 21.73 -25.32 6.48
-12.28 24.89 -22.24 4.33
-9.74 27.99 -21.46 3.26
-6.85 31.95 -19.65 4.32
-4.21 36.06 -17.68 5.38
-1.6 39.35 -14.02 5.54
1.26 42.45 -10.12 5.7
5.47 43.89 -7.46 3.89
8.34 48.13 -4.73 7.69
11.3 52.62 -3.05 7.01
14.38 54.51 -0.83 5.19
17.72 58.03 3.28 3.21
19.7 60.48 5.76 1.24

-12.02 0.32 -66.17 9.79
-7.91 -0.44 -62.8 2.65
-8.24 -0.84 -55.36 2.66
-7.66 -0.03 -51.43 2.67
-2.66 3.25 -46.81 1.64
0.78 5.5 -43.48 0.58
5.24 8.93 -38.98 0.71
8.26 13.76 -36.15 1.82
10.84 17.53 -36.33 2.46
15.76 21.65 -33.89 3.26
19.01 22.59 -30.45 3.34
22.36 25.14 -26.6 3.42
24.8 29.08 -25.28 2.79
27.42 33.69 -21.89 2.16
30.23 35.79 -18.37 1.37
32.93 36.38 -14.79 0.59
39.65 36.33 -10.81 0.7
44.21 34.66 -9.05 7.68

-3.42 -57.69 -25.91 1.08
-1.06 -55.88 -23.0 0.8
1.96 -52.47 -20.24 0.51
6.38 -50.9 -17.75 1.27
11.07 -47.98 -14.35 2.02
14.02 -46.33 -11.4 2.4
16.51 -44.47 -8.86 2.78
18.46 -42.48 -5.85 3.16
19.6 -39.32 -2.55 3.12
21.14 -36.23 0.5 3.08
24.33 -31.67 3.91 2.62
28.16 -27.78 7.3 4.03
31.83 -23.93 10.89 5.44
34.46 -21.97 13.81 4.4
37.18 -19.62 16.64 3.36
40.04 -16.64 19.73 2.32
43.1 -14.03 20.89 1.28
45.2 -10.93 24.39 3.47
46.38 -8.41 27.78 5.67

-34.6 -31.92 -21.69 1.21
-31.39 -27.97 -17.06 1.36
-26.99 -24.05 -13.45 1.5
-23.49 -20.46 -11.33 2.04
-20.23 -15.9 -8.69 2.31
-16.34 -11.19 -7.31 2.59
-10.49 -6.57 -4.92 4.16
-7.05 -3.49 -0.22 2.2
-4.1 -0.13 3.73 1.78
-2.39 4.37 6.19 3.67
0.63 7.92 9.38 4.74
4.29 10.05 11.0 3.33
7.21 12.5 13.01 1.92
9.12 15.37 15.21 3.99
10.48 18.0 18.11 6.05
12.93 18.95 21.31 4.16
16.15 19.58 24.68 2.26
19.39 22.03 25.67 2.93
24.35 23.58 29.05 5.26
27.16 26.05 31.27 7.6

-45.94 7.36 -48.06 3.43
-44.4 11.62 -45.63 3.69
-41.93 12.85 -42.05 3.37
-39.71 13.32 -38.69 3.04
-40.39 17.2 -33.75 2.13
-36.95 18.33 -31.66 1.2
-32.96 19.33 -29.66 0.27
-28.61 22.37 -26.65 2.39
-25.97 25.24 -23.62 2.65
-22.7 27.73 -20.35 2.91
-20.15 30.05 -17.64 2.11
-16.53 33.7 -14.31 1.31
-13.89 37.42 -11.35 1.0
-10.56 41.3 -8.28 0.7
-6.84 43.57 -3.48 3.79
-3.92 46.97 -1.46 2.05
-0.88 52.08 2.19 0.31
1.11 54.63 5.91 1.76
2.33 59.16 8.99 2.12
3.78 62.57 12.89 5.32
6.61 64.64 15.47 8.52

-22.88 -12.01 -54.82 8.68
-19.94 -10.34 -52.58 4.66
-17.13 -8.44 -50.17 0.63
-13.07 -5.82 -47.43 0.53
-10.52 -4.02 -44.92 0.34
-8.68 0.22 -43.63 0.31
-3.02 3.61 -40.22 3.26
-0.15 5.85 -38.09 2.09
3.13 8.22 -33.29 0.92
6.51 11.04 -31.12 2.16
8.66 15.52 -28.94 3.39
9.98 20.17 -27.13 4.45
13.57 24.86 -23.47 5.06
16.31 27.41 -20.59 5.12
18.69 29.42 -17.91 4.99
20.46 31.68 -14.7 4.86
23.52 33.34 -10.66 4.55
25.91 35.45 -8.04 2.82
27.96 38.65 -6.76 2.61
30.01 41.84 -5.48 2.41
32.74 45.21 -2.76 1.99
36.67 47.4 0.37 0.2

3.83 -43.82 -51.2 1.99
7.58 -42.05 -49.21 2.34
11.43 -39.94 -44.96 2.69
13.14 -37.34 -41.75 3.41
14.8 -33.9 -40.02 4.12
15.42 -30.63 -37.77 4.21
16.4 -26.15 -36.35 3.05
16.98 -21.57 -34.97 4.34
22.16 -18.94 -35.06 4.75
26.66 -17.18 -34.19 4.85
29.29 -15.03 -31.39 4.95
31.16 -12.86 -28.5 4.7
33.24 -10.88 -25.68 4.45
35.45 -8.1 -22.19 2.72
34.26 -4.35 -16.59 1.0
36.69 -1.26 -14.44 1.8
39.79 0.69 -11.75 1.67
43.98 3.0 -9.87 1.54
47.4 5.59 -5.76 3.22
50.83 7.16 -0.48 2.72
56.62 8.45 2.59 3.96
60.75 11.9 6.13 5.2
60.39 16.17 8.99 4.98

-41.2 16.16 -67.58 4.27
-38.08 20.48 -66.7 4.39
-34.1 23.9 -62.81 4.52
-30.08 24.15 -58.09 3.44
-27.09 21.85 -54.12 2.37
-25.5 26.45 -52.84 4.03
-24.02 29.57 -49.13 3.24
-23.94 33.02 -44.67 2.45
-24.82 36.99 -42.04 4.19
-22.61 39.65 -39.67 5.35
-20.17 42.57 -37.35 6.51
-15.02 44.23 -33.63 1.32
-10.97 45.25 -30.01 4.59
-6.79 47.79 -24.86 4.82
-4.51 50.16 -21.43 4.79
-3.27 52.79 -18.55 3.64
-0.63 55.58 -14.42 2.48
1.76 57.26 -11.13 1.92
3.79 60.76 -9.8 1.36
5.67 64.17 -6.72 0.74
7.97 66.25 -3.2 0.43
10.53 69.53 -1.26 4.41
13.36 71.37 0.96 8.4

10.74 -10.43 -88.04 5.41
13.52 -7.6 -85.7 3.49
12.48 -6.89 -79.53 2.53
11.64 -6.36 -75.19 1.57
10.83 -1.74 -71.83 0.3
12.86 0.7 -69.11 3.51
15.03 3.17 -66.4 2.71
16.66 4.92 -62.83 1.92
20.17 7.52 -61.64 2.6
24.02 9.95 -58.02 1.64
26.98 13.09 -53.13 0.68
30.17 17.4 -54.72 2.37
32.11 20.91 -53.27 4.06
35.11 23.94 -53.65 5.33
40.55 25.63 -54.39 6.36
45.87 26.78 -53.62 7.39
49.47 30.51 -50.41 9.44
50.81 34.38 -47.19 6.56
50.54 36.93 -40.83 3.68
48.62 39.94 -36.64 3.58
54.01 42.94 -35.61 3.47
57.66 46.23 -31.0 5.48
57.85 49.39 -26.75 6.11
57.91 51.56 -22.95 6.74

-51.94 1.56 -37.99 9.03
-49.22 4.17 -35.67 7.4
-45.4 6.02 -32.76 5.77
-42.37 7.51 -29.25 5.43
-40.91 11.86 -26.67 4.77
-39.21 14.84 -24.54 4.41
-37.18 17.79 -22.65 4.06
-32.67 21.04 -19.62 3.35
-27.93 23.56 -15.67 3.65
-25.6 26.32 -12.93 3.95
-23.91 28.76 -8.75 4.24
-18.25 32.72 -6.35 4.99
-14.83 33.81 -4.16 5.73

-6.66 -29.55 -49.44 3.67
-4.97 -28.48 -45.04 2.98
-3.52 -23.76 -42.54 2.63
-2.11 -18.18 -40.6 2.29
1.86 -12.33 -39.81 3.72
5.32 -11.08 -36.31 4.25
8.44 -9.04 -32.28 4.79
9.95 -6.08 -29.55 4.13
10.88 -2.22 -28.06 3.3
12.04 1.73 -26.97 2.48
17.33 4.81 -22.94 1.92
19.94 6.88 -19.95 5.63
22.2 8.78 -17.11 9.35

-33.42 -40.07 -13.44 8.51
-30.54 -37.81 -10.86 7.07
-28.07 -32.91 -8.86 5.62
-24.09 -29.61 -8.57 5.47
-20.25 -27.64 -8.06 5.33
-18.52 -23.44 -5.05 5.57
-15.77 -19.05 -0.52 4.06
-12.79 -15.53 4.22 4.94
-10.11 -10.9 5.43 4.12
-4.88 -7.44 6.99 3.06
-0.67 -6.52 12.42 2.0
2.29 -4.17 14.98 5.15
6.22 -1.37 17.27 3.51
9.62 1.47 19.98 2.7
12.37 3.26 22.32 1.89
14.39 6.19 24.65 2.75
16.2 8.77 27.49 3.6
19.11 11.23 31.62 2.75
24.21 10.61 34.65 5.81
26.9 14.32 38.73 2.68

-40.6 -3.62 -42.81 2.55
-37.13 -0.41 -40.03 1.93
-32.37 0.94 -35.9 1.3
-27.56 0.87 -33.88 1.43
-23.55 1.77 -32.42 1.57
-19.83 5.46 -26.57 0.47
-16.6 9.05 -22.88 3.66
-13.28 14.27 -18.91 0.99
-9.98 16.93 -15.93 2.89
-6.29 18.99 -13.64 3.83
-1.76 22.65 -9.44 4.78
0.89 25.05 -7.11 3.85
3.46 27.43 -4.67 2.93
3.34 32.12 0.09 1.01
8.13 36.17 2.69 4.78
10.6 37.81 5.6 4.57
12.76 41.53 8.45 4.36
13.92 44.56 11.48 4.83
16.25 48.62 14.48 6.96
18.99 51.54 16.97 9.08

-65.46 -7.35 -14.89 5.19
-61.84 -2.36 -12.17 1.0
-57.51 1.13 -10.82 3.27
-53.86 4.4 -9.2 5.54
-50.23 7.04 -5.5 4.99
-47.26 10.13 -0.44 3.9
-44.04 12.86 1.22 3.76
-41.98 14.83 4.04 3.63
-39.95 17.26 6.57 2.73
-37.84 20.25 9.63 1.84
-35.04 21.77 12.18 3.85
-32.24 23.3 14.74 5.86
-29.99 26.36 17.58 4.67
-26.46 30.1 19.68 3.68
-22.51 32.42 22.29 2.69
-19.71 34.26 25.53 1.73
-17.9 36.61 28.84 0.77
-15.75 42.39 28.62 5.05
-13.6 45.49 31.81 5.74
-10.93 49.24 34.95 6.44
-6.27 53.04 38.75 5.63

9.87 -39.15 -56.33 4.93
12.95 -36.52 -54.76 4.66
16.4 -34.01 -53.08 4.4
20.79 -31.9 -52.06 4.22
24.98 -28.96 -49.8 5.43
29.58 -26.58 -51.15 6.65
32.02 -23.01 -47.5 6.49
35.35 -19.3 -41.89 3.58
39.88 -15.88 -40.59 6.78
41.19 -14.06 -36.42 4.74
43.56 -12.27 -32.68 3.38
44.75 -9.94 -28.27 3.12
45.94 -7.62 -23.87 2.86
47.52 -4.78 -19.13 2.19
50.5 -0.39 -16.08 0.84
52.87 1.34 -13.33 2.57
55.14 3.26 -10.61 4.31
57.66 6.63 -8.6 5.54
61.22 9.24 -7.42 4.41
64.81 10.91 -6.8 4.27
69.44 12.87 -6.59 4.13
71.93 15.38 -2.67 9.03

-55.03 13.82 -45.6 5.55
-52.28 16.51 -42.97 4.11
-48.92 17.09 -39.06 2.68
-46.04 16.09 -32.51 1.54
-43.38 18.12 -30.25 1.26
-40.64 20.13 -28.07 0.99
-37.24 26.12 -26.3 1.57
-34.33 29.21 -23.3 2.58
-31.44 31.97 -19.76 3.59
-27.72 35.6 -17.62 5.32
-25.4 39.63 -16.16 3.95
-22.43 41.48 -13.08 3.27
-20.32 43.36 -10.21 2.59
-18.29 42.83 -5.46 1.48
-16.19 43.14 -1.58 0.37
-13.36 45.71 0.79 1.83
-10.94 46.49 5.48 3.29
-7.96 48.3 8.64 5.86
-8.2 50.84 14.56 5.04
-7.01 53.76 18.43 4.38
-5.75 55.99 21.54 4.21
-5.53 59.02 25.48 4.04
-2.72 61.5 27.86 7.19

8.51 -14.99 -66.37 9.79
10.0 -11.48 -62.85 0.72
10.58 -12.08 -56.3 0.87
12.43 -12.31 -52.74 1.03
16.44 -10.22 -51.24 3.26
18.11 -6.29 -48.87 4.82
19.41 -2.24 -48.54 3.92
20.72 2.35 -47.31 3.03
23.08 4.87 -45.01 3.09
25.8 8.76 -43.81 3.15
31.59 10.63 -42.41 4.04
35.37 10.01 -40.75 3.16
36.53 13.35 -37.42 2.72
37.27 15.95 -34.36 2.28
40.55 17.94 -29.85 3.87
42.13 20.53 -24.94 2.61
44.12 22.58 -20.94 1.34
49.18 24.39 -17.44 3.43
52.47 26.41 -15.59 4.48
55.72 29.1 -15.11 5.0
58.84 32.08 -13.02 6.18
60.54 34.51 -9.94 7.37

-3.4 -38.01 -44.94 3.24
-1.06 -35.53 -42.81 1.96
1.07 -32.05 -39.92 0.68
2.5 -28.36 -37.7 0.45
2.25 -24.92 -35.12 0.23
6.04 -24.59 -32.09 0.7
7.34 -19.83 -29.97 2.14
7.71 -16.63 -26.77 1.88
10.75 -13.35 -23.02 1.63
13.25 -10.66 -21.31 2.08
15.91 -7.8 -18.23 1.58
20.39 -5.08 -15.14 1.08
23.06 -3.52 -11.69 3.39
24.03 -0.98 -7.97 3.84
27.7 2.32 -5.08 3.18
32.83 5.96 -4.3 2.85
35.07 9.19 -2.77 2.52
36.52 11.58 0.11 2.78
40.34 9.08 4.62 3.04
44.54 7.74 9.89 4.84
44.63 8.71 14.27 6.64

-63.45 21.24 -50.64 6.27
-60.58 25.61 -46.41 6.43
-57.14 28.01 -43.92 5.75
-52.08 27.63 -39.95 5.07
-47.08 27.33 -34.16 3.45
-45.43 33.09 -34.83 6.11
-41.73 36.53 -33.18 3.8
-35.72 37.94 -31.99 5.58
-30.74 38.82 -28.68 1.5
-26.39 41.4 -25.73 1.81
-27.69 46.33 -26.34 3.48
-25.11 49.31 -24.29 6.82
-22.7 50.98 -21.11 6.26
-20.77 51.95 -17.48 5.97
-19.93 54.38 -14.23 5.69
-15.34 58.27 -11.11 3.4
-11.43 60.8 -5.09 4.53
-8.63 59.82 0.15 2.67
-4.51 64.26 1.52 2.09
-1.28 67.41 2.47 2.26
0.82 72.17 5.13 2.43
3.97 74.49 7.54 3.28

-47.74 14.71 -56.95 5.94
-44.74 21.33 -54.44 7.84
-41.67 24.37 -50.42 8.88
-39.38 26.25 -47.61 8.45
-35.75 27.36 -44.96 8.02
-33.09 26.55 -39.51 3.56
-28.4 26.16 -35.3 3.75
-26.14 28.76 -32.98 3.94
-23.55 30.92 -30.79 2.69
-20.67 33.1 -28.66 1.43
-16.99 36.5 -23.89 5.92
-13.97 41.91 -19.03 0.21
-11.94 45.31 -17.0 2.25
-10.79 48.13 -13.85 4.29
-7.92 50.48 -9.37 4.86
-3.92 54.39 -6.63 1.24
-1.02 58.55 -3.94 1.15
-1.63 63.68 -5.81 3.05
-2.76 71.13 -7.1 4.96
-1.85 75.16 -7.11 5.58
-0.85 79.75 -7.1 6.19
3.79 84.02 -4.54 7.41

5.96 -56.36 -38.93 7.89
9.03 -53.61 -35.64 5.03
9.0 -48.95 -30.47 4.72
10.99 -45.3 -27.19 4.24
12.53 -41.34 -23.97 3.76
17.64 -36.25 -22.01 4.92
20.86 -34.08 -20.24 5.47
24.21 -32.84 -18.36 6.02
26.35 -30.3 -15.23 3.56
27.93 -25.84 -11.21 1.1
29.88 -23.65 -8.09 2.22
32.51 -22.33 -2.87 2.43
34.17 -20.36 0.22 2.54
34.46 -18.11 4.35 2.65
35.49 -13.77 7.76 3.43
36.02 -9.8 9.24 4.21
41.51 -6.65 8.97 3.67
44.16 -3.38 8.67 3.75
48.08 -2.25 9.13 3.22
52.03 0.12 9.97 2.7
55.73 4.88 12.75 3.81
57.32 9.23 16.46 4.92

-19.94 -75.1 2.23 6.7
-15.71 -72.79 7.39 7.27
-13.66 -69.37 10.66 4.57
-12.44 -62.89 12.25 1.87
-11.44 -60.23 15.77 3.42
-10.71 -58.37 20.55 4.97
-11.27 -52.78 22.94 8.07
-8.69 -47.77 25.23 7.87
-5.65 -43.07 28.91 2.82
-0.17 -37.89 27.57 2.29
2.78 -35.06 29.88 1.45
5.93 -32.1 32.11 0.61
6.92 -33.68 36.02 2.45
9.97 -32.43 40.19 4.38
12.71 -30.33 43.97 6.32
14.78 -26.93 45.27 5.42
17.1 -24.05 52.1 5.62
18.29 -21.57 56.43 6.73
20.37 -18.71 61.09 6.59
24.19 -13.27 65.36 2.89
27.35 -6.85 61.81 2.58
30.22 -3.37 61.21 2.27

-11.6 -23.21 -56.84 5.93
-9.5 -20.78 -54.42 4.39
-7.48 -17.19 -51.33 2.86
-5.91 -12.25 -46.6 2.8
-6.97 -6.97 -42.08 2.36
-4.57 -3.96 -37.02 3.95
-2.21 -2.84 -33.56 4.47
0.61 -0.39 -30.74 4.44
3.36 2.68 -26.21 3.32
5.43 5.8 -24.09 2.22
6.53 9.39 -22.02 3.15
7.19 13.17 -19.85 4.08
8.96 16.29 -16.49 4.72
11.53 18.86 -14.22 5.24
14.81 22.25 -10.64 5.25
19.06 24.45 -5.3 4.68
22.43 26.25 -1.85 3.84
26.33 28.81 0.28 3.01
29.6 30.99 1.68 2.45
32.31 33.98 1.83 3.03
35.65 37.69 3.48 3.62
38.97 40.22 5.59 7.15

-34.44 -14.87 -40.23 9.65
-30.75 -12.81 -36.56 2.37
-26.77 -10.88 -36.18 2.36
-23.05 -9.47 -35.72 2.36
-20.99 -8.48 -32.34 2.25
-17.8 -3.49 -30.04 2.03
-13.33 -1.11 -25.12 5.2
-7.65 1.34 -21.06 2.48
-5.57 4.59 -18.33 3.06
-3.56 6.98 -15.37 3.65
-2.53 10.48 -11.57 4.03
-0.59 12.48 -8.5 2.59
2.47 14.83 -7.07 1.88
4.59 17.87 -5.54 1.16
8.34 23.16 -2.34 2.25
11.92 25.45 0.82 1.63
14.22 28.67 4.22 2.49
16.9 30.12 7.24 4.66
22.7 33.7 7.15 4.65
25.09 36.63 8.97 3.81
30.45 40.61 13.36 2.97

-26.45 1.17 -44.93 7.09
-22.37 1.82 -43.02 1.06
-16.21 1.12 -41.68 2.0
-14.21 3.18 -38.87 3.14
-12.26 5.29 -35.98 4.28
-9.32 9.48 -32.41 6.09
-6.39 11.59 -29.1 5.33
-3.46 13.7 -25.78 4.57
-0.46 18.23 -22.91 4.23
2.4 23.38 -17.7 3.22
6.35 25.45 -16.28 2.3
9.16 27.85 -14.7 1.38
13.79 29.57 -13.5 1.26
13.31 33.29 -7.96 1.14
16.12 34.99 -3.83 4.94
19.24 38.34 -1.33 5.24
22.45 41.48 0.03 5.11
24.72 44.41 2.96 5.05
27.93 47.22 6.1 4.99

-2.87 -36.31 -53.2 2.83
1.59 -37.78 -50.23 3.88
5.52 -35.44 -46.44 3.97
6.59 -32.13 -42.48 4.06
7.65 -28.8 -40.29 3.18
11.82 -22.14 -41.19 2.6
12.81 -17.42 -42.57 2.01
14.42 -14.16 -40.6 2.0
16.03 -10.89 -38.64 1.99
18.14 -9.0 -35.74 1.74
20.03 -7.52 -32.44 1.5
22.17 -4.42 -27.43 3.69
26.1 -3.29 -25.33 2.87
29.62 -2.06 -22.34 2.05
33.4 1.07 -20.73 3.89
36.12 3.72 -18.37 2.75
38.3 7.67 -15.8 1.61
40.77 10.45 -13.49 2.37
42.63 12.95 -10.59 3.13
46.57 16.41 -6.63 3.46
50.22 18.25 -6.39 4.15
53.95 19.76 -5.47 5.18
57.07 21.48 -3.58 6.21
60.82 25.53 1.0 4.66

-63.25 13.74 -32.1 7.95
-60.33 15.95 -29.49 6.59
-55.29 16.96 -26.29 5.23
-51.5 19.02 -24.66 7.09
-48.35 21.73 -20.55 1.55
-46.1 24.78 -17.03 4.16
-43.71 27.74 -14.66 4.42
-41.33 30.7 -12.3 4.69
-36.94 35.12 -7.45 6.33
-33.9 37.15 -5.58 7.98
-31.27 40.1 -4.08 6.65
-27.39 42.11 -2.13 5.32
-22.64 45.77 0.6 2.88
-19.55 47.77 2.82 0.44
-17.98 50.65 5.28 0.58
-17.17 54.26 8.15 0.71
-14.89 57.62 10.52 4.38
-13.22 61.19 11.38 4.0
-12.97 68.02 13.91 3.62
-10.36 72.87 16.23 8.8

-39.44 1.14 -53.9 5.55
-37.71 4.56 -52.35 5.66
-35.67 9.97 -49.75 5.78
-32.35 13.28 -45.57 6.0
-27.9 14.16 -43.71 2.52
-21.31 12.79 -42.59 3.17
-18.01 14.12 -40.69 3.83
-13.8 17.71 -40.74 4.02
-7.75 20.11 -38.04 2.5
-4.14 21.17 -35.6 1.74
-1.37 22.4 -32.98 0.98
-0.19 26.13 -27.55 2.71
1.56 29.03 -24.88 3.71
4.35 31.35 -22.33 4.7
7.05 33.47 -19.91 4.0
10.02 35.34 -17.32 3.31
14.33 39.52 -14.03 1.65
18.9 43.32 -9.17 1.91
22.44 45.86 -6.64 2.51
24.78 49.09 -6.04 2.55
27.59 53.34 -4.54 2.59
30.41 55.79 -1.98 6.74

-14.55 -22.95 -23.53 9.5
-12.58 -17.63 -24.02 2.28
-9.05 -11.92 -24.57 3.11
-8.48 -9.74 -20.67 3.96
-5.87 -8.41 -17.8 4.13
-2.57 -6.06 -14.72 2.88
0.37 -3.19 -11.49 1.62
1.99 -1.8 -7.52 5.04
3.2 3.57 -2.07 4.05
6.2 6.17 2.33 3.3
13.46 6.38 3.89 2.54
16.83 9.25 6.51 1.79
21.68 12.66 5.72 1.03
25.34 15.19 7.81 1.58
28.8 20.26 11.37 0.35
32.38 18.81 15.71 0.84
36.33 21.83 20.78 6.82

11.26 -37.98 -66.38 0.78
15.67 -34.25 -70.45 4.82
21.61 -30.15 -67.5 7.73
23.32 -26.22 -64.67 6.6
22.86 -22.33 -62.19 5.19
22.69 -18.9 -59.7 3.79
22.97 -17.37 -53.75 4.74
27.01 -12.36 -50.43 4.36
28.42 -8.7 -47.94 5.31
32.97 -4.02 -44.45 5.08
37.65 -1.19 -42.22 5.07
41.36 -0.55 -40.66 4.98
45.08 0.08 -39.1 4.89
47.17 -0.27 -35.53 4.02
48.86 -0.42 -31.47 3.15
49.62 0.03 -25.3 2.1
54.36 3.39 -25.69 4.27
60.5 6.08 -25.82 6.43
61.91 9.67 -24.49 9.89
64.4 14.26 -24.97 3.4
64.69 16.84 -21.0 3.67
66.63 20.26 -18.72 4.08
69.53 24.13 -17.41 4.49
71.68 26.84 -13.45 6.17

-60.23 -14.34 -9.83 3.02
-57.42 -12.64 -5.62 3.78
-52.48 -10.51 -0.65 3.39
-48.9 -8.01 2.29 1.76
-44.35 -4.1 4.02 0.13
-40.51 1.05 6.54 0.75
-37.52 2.33 9.03 0.98
-35.35 2.9 13.14 1.21
-33.98 6.68 15.33 5.44
-30.73 9.73 18.2 5.4
-26.41 12.48 21.56 1.13
-23.81 15.38 24.84 3.12
-22.31 17.7 27.91 5.12
-18.01 20.89 31.7 4.75
-14.75 23.54 33.95 2.38
-12.18 27.51 38.55 5.26
-11.27 30.16 44.59 3.33
-7.8 32.64 48.1 8.81

-18.72 -59.15 -9.32 5.86
-15.29 -58.24 -6.37 4.93
-11.57 -55.85 -2.15 4.0
-11.0 -51.58 4.29 3.83
-9.89 -47.0 9.59 3.66
-7.22 -42.58 9.81 4.97
-2.89 -39.15 10.25 3.97
2.62 -34.61 12.59 2.24
3.23 -30.51 18.93 1.5
9.72 -27.27 19.44 5.11
14.64 -23.75 22.46 2.77
17.74 -18.31 27.31 1.45
18.27 -13.69 29.89 0.12
18.44 -11.06 36.47 2.52
20.51 -5.46 39.38 4.12
22.92 -3.19 43.07 3.69
25.33 -2.46 47.9 3.26
31.23 -1.36 48.29 3.23
33.89 2.18 49.6 3.2

3.61 -26.15 -54.02 7.88
4.29 -21.43 -49.85 3.12
6.38 -16.97 -48.18 3.13
7.76 -13.56 -46.47 3.13
10.64 -10.15 -45.64 1.65
11.92 -8.11 -42.21 1.07
18.37 -4.24 -40.82 1.64
22.96 -1.81 -38.89 2.79
25.41 0.9 -36.11 4.24
28.55 5.64 -33.38 6.26
29.8 9.39 -31.81 4.72
32.49 13.21 -27.49 3.45
34.8 15.93 -24.46 2.18
38.7 16.79 -20.51 1.76
41.48 17.51 -17.03 1.34
44.2 19.59 -11.55 0.5
46.42 23.33 -9.04 0.94
48.26 26.93 -5.67 1.04
49.58 29.77 -2.26 1.14

-6.47 -13.23 -69.77 1.27
-3.46 -10.44 -69.81 1.64
1.58 -5.12 -69.49 2.02
3.95 -1.41 -67.01 2.39
6.35 0.97 -62.68 2.58
11.81 1.63 -58.37 2.77
11.09 2.29 -53.26 3.98
13.23 4.32 -49.7 2.43
15.42 8.11 -45.74 1.83
16.8 11.04 -42.91 1.65
19.67 14.45 -40.74 1.48
23.72 16.6 -37.79 4.14
26.08 20.07 -34.64 4.64
28.5 21.55 -31.1 3.74
30.16 24.84 -29.11 3.46
31.4 28.75 -27.75 3.19
33.25 33.65 -25.28 3.54
35.89 36.82 -22.77 2.94
40.19 40.01 -21.08 1.72
44.17 41.0 -17.84 1.11
48.36 44.38 -16.27 0.5
51.45 44.86 -12.81 4.96

-1.62 -55.96 -28.9 2.74
0.66 -52.9 -25.08 2.15
4.11 -50.13 -22.35 2.01
6.3 -45.95 -19.88 1.87
6.53 -42.86 -16.35 3.2
9.62 -38.63 -13.15 4.54
11.9 -34.18 -11.47 6.12
15.71 -31.81 -9.01 4.05
19.88 -29.6 -5.86 1.98
24.18 -29.46 -6.06 2.23
28.21 -29.63 -6.01 2.48
30.81 -27.15 -2.23 1.34
35.34 -23.89 1.67 0.2
38.8 -23.65 4.92 1.29
43.32 -18.42 7.7 3.47
47.83 -15.04 10.08 4.56
51.64 -9.85 13.93 5.88
53.84 -6.54 17.12 2.86
58.21 -3.6 22.39 4.17
61.18 -1.22 24.16 8.13

-23.67 -17.56 -44.96 1.49
-19.09 -13.39 -40.88 1.81
-16.11 -9.54 -38.71 1.98
-12.91 -7.69 -33.61 1.2
-8.79 -6.34 -29.61 1.23
-5.03 -5.21 -25.61 1.25
-1.65 -1.12 -23.81 0.12
0.98 1.76 -20.27 0.15
3.88 4.09 -16.13 2.03
6.18 7.2 -12.01 3.91
9.8 9.96 -7.62 4.9
11.36 13.04 -3.74 5.53
12.83 16.16 0.4 6.17
14.84 17.79 4.1 3.86
21.14 20.93 6.55 2.09
23.94 23.45 8.49 3.73
26.3 26.36 10.83 3.82
30.5 29.71 12.16 3.9
33.77 33.07 16.29 2.45

-60.26 -25.42 -4.46 8.07
-57.23 -23.77 -0.91 6.34
-52.78 -22.09 2.53 4.61
-48.03 -21.76 3.25 4.38
-44.2 -21.11 4.67 3.92
-40.33 -18.94 7.71 3.23
-36.69 -16.67 11.1 2.54
-32.9 -13.8 11.99 1.61
-30.3 -9.97 12.57 0.69
-28.24 -6.6 17.94 1.82
-26.49 -4.94 22.73 5.77
-24.74 -2.56 25.65 9.72

-1.97 -69.78 -18.92 3.53
0.96 -67.6 -14.44 3.15
2.93 -66.39 -11.02 4.43
6.16 -64.42 -7.61 5.7
12.85 -61.84 -4.64 2.83
14.05 -56.99 -6.26 2.7
15.48 -53.36 -7.23 2.56
18.43 -50.83 -5.96 2.17
21.42 -48.36 -4.66 1.78
23.78 -46.11 -0.24 3.46
27.88 -44.28 1.39 2.85
29.98 -42.39 4.99 2.68
32.12 -40.55 8.66 2.52
34.47 -38.0 13.06 3.66
36.58 -34.95 16.69 4.8
38.79 -31.24 18.54 4.88
41.79 -27.5 18.82 3.49
45.61 -23.35 20.49 2.09
49.87 -20.19 22.51 4.51
53.01 -18.01 24.3 3.36
54.42 -13.93 27.79 2.2
57.21 -11.16 31.2 2.65
58.74 -7.91 33.26 3.05

17.75 -49.12 -61.24 8.1
21.78 -46.4 -59.84 6.95
28.23 -44.15 -55.68 5.8
32.13 -42.95 -53.13 7.39
34.82 -40.87 -50.04 7.72
36.79 -38.23 -46.5 7.43
36.99 -35.79 -42.88 7.14
37.62 -33.87 -38.99 6.69
40.29 -31.42 -36.12 5.45
39.85 -26.02 -31.77 2.17
44.53 -26.62 -30.75 4.06
51.4 -26.54 -31.17 5.94
55.72 -24.35 -26.34 9.7
57.17 -19.13 -22.72 6.78
56.03 -15.73 -19.34 4.97
54.84 -12.03 -17.9 3.16
56.97 -7.34 -16.01 3.43
61.44 -6.09 -13.09 5.16
64.13 -2.77 -7.57 4.67
62.95 -1.34 -2.87 1.85
66.93 -1.09 -1.61 3.1
70.47 -0.98 1.13 4.96
73.26 0.52 3.67 6.83

-24.8 -59.51 4.55 8.55
-22.74 -56.16 7.31 8.53
-22.57 -51.83 10.3 4.32
-22.94 -46.7 13.38 0.11
-18.73 -44.03 17.18 4.23
-16.38 -39.31 19.99 0.84
-15.27 -36.17 22.83 4.42
-11.3 -32.19 26.52 1.39
-8.52 -30.92 29.91 2.56
-5.85 -28.7 33.39 3.74
-3.58 -26.57 36.39 4.62
-1.31 -24.44 39.39 5.49
2.35 -21.36 42.97 4.39
6.0 -16.37 46.91 6.88
9.42 -13.35 48.11 3.56
12.61 -10.04 49.68 0.24
14.75 -8.21 52.69 1.86
15.6 -5.91 57.07 3.49
18.64 -1.16 59.52 4.68
22.72 0.96 60.67 5.87

6.44 -76.41 -18.5 2.69
11.83 -74.31 -14.83 4.64
13.01 -68.51 -14.49 0.22
17.41 -62.57 -14.7 0.37
20.68 -62.26 -12.16 1.03
27.83 -63.14 -9.78 1.69
28.65 -58.53 -7.52 7.04
30.42 -54.26 -2.96 0.76
33.2 -49.47 0.36 2.11
35.89 -48.43 4.53 3.58
38.95 -47.81 8.61 5.04
44.57 -45.33 13.64 6.12
48.06 -40.47 17.09 7.31
49.99 -37.27 18.86 3.71
50.15 -30.32 18.55 0.11
52.53 -30.27 22.12 2.64
54.63 -29.99 25.7 5.17
56.17 -27.85 29.2 6.55
59.67 -24.27 31.1 4.86
61.22 -18.78 31.27 3.18
64.23 -15.16 33.15 1.51

13.26 -75.22 -25.62 5.0
16.82 -71.6 -23.26 3.37
19.08 -64.99 -20.44 2.83
20.83 -60.79 -16.48 1.74
23.35 -56.44 -15.81 1.2
25.6 -52.6 -13.34 1.23
28.48 -49.13 -10.59 1.27
33.0 -45.28 -6.64 1.89
35.25 -41.53 -2.12 2.51
37.86 -35.77 0.98 3.13
41.83 -33.91 4.1 3.87
45.46 -29.76 8.13 4.6
49.13 -27.18 9.34 6.08

-46.06 -18.89 -6.49 4.95
-42.61 -17.37 -4.0 4.61
-39.61 -14.3 -1.12 4.28
-38.32 -10.92 1.82 5.31
-37.07 -7.28 5.26 5.22
-33.27 -5.25 6.15 4.15
-29.41 -3.22 7.11 3.08
-25.47 -2.42 8.55 2.01
-21.75 -1.56 10.2 0.94
-18.46 3.18 12.53 3.23
-16.89 7.78 16.16 4.57
-14.68 9.66 21.13 5.9
-11.73 13.34 25.83 2.4
-5.98 15.88 30.64 2.75
-3.84 18.79 33.46 3.36
-1.77 21.15 37.1 3.97
-0.12 20.45 42.64 5.14
2.03 21.36 47.87 5.73
3.78 24.12 50.49 5.63
5.53 26.89 53.11 5.54

-64.68 -32.64 8.21 5.83
-61.98 -29.64 11.62 6.0
-58.39 -27.17 14.88 6.17
-53.49 -25.45 16.27 3.5
-47.54 -22.83 16.75 0.82
-44.97 -20.3 18.47 3.61
-42.39 -17.77 20.19 6.4
-39.27 -15.6 21.91 4.62
-37.05 -15.43 26.27 4.89
-34.44 -15.34 30.19 5.17
-30.14 -13.6 35.26 4.7
-26.36 -10.43 39.39 5.55
-23.9 -7.18 40.97 5.98
-21.67 -3.13 41.78 5.43
-19.46 0.8 42.83 4.88
-16.8 4.97 43.95 3.35
-14.19 9.02 46.23 4.27
-11.09 10.03 49.44 4.34
-8.25 12.46 51.91 3.93
-3.0 14.78 56.72 3.52
-0.25 17.72 60.81 4.73
3.91 19.8 62.72 5.94

-17.24 -44.37 -3.76 7.92
-15.08 -41.68 -1.7 4.56
-12.85 -39.03 1.3 1.21
-13.85 -36.53 5.57 1.73
-13.83 -34.32 11.64 2.24
-9.88 -31.42 11.61 5.35
-6.62 -29.05 10.31 5.34
-2.75 -26.97 9.98 5.33
2.67 -24.81 10.06 4.25
4.16 -20.55 13.88 4.47
5.74 -18.08 16.88 4.58
8.36 -15.67 23.08 4.69
11.1 -13.87 25.41 5.12
14.29 -10.58 24.05 1.07
17.54 -7.58 28.23 3.56
19.53 -4.79 30.97 2.13
23.29 -0.75 34.04 0.69
25.42 2.52 38.65 1.61
27.07 5.39 44.78 3.21
28.52 8.35 47.86 4.81

-4.33 15.1 -67.21 6.46
-0.38 14.01 -64.96 5.69
0.85 12.09 -59.73 5.39
1.14 10.53 -55.8 5.08
0.87 9.88 -51.81 5.01
2.4 11.79 -47.65 5.97
3.07 14.32 -44.28 3.94
4.45 16.79 -40.49 1.91
6.17 19.81 -38.12 1.4
9.43 22.49 -35.57 0.39
12.04 24.88 -33.67 0.81
14.62 27.39 -31.77 1.23
18.65 28.21 -33.39 1.98
22.83 28.7 -34.25 2.73
25.78 31.84 -33.34 4.22
28.62 38.52 -33.55 4.97
31.46 45.3 -32.49 7.07
34.83 47.99 -30.7 9.66
39.36 50.35 -28.54 3.95
41.11 50.17 -23.5 3.38
42.38 55.48 -19.15 3.12
41.79 59.16 -15.27 4.15
41.98 60.15 -11.27 5.18

-46.52 -24.66 -18.32 4.43
-44.3 -21.84 -16.37 2.92
-42.13 -18.98 -14.14 1.4
-36.62 -14.1 -12.08 1.98
-33.91 -12.02 -9.88 2.27
-31.76 -9.31 -6.95 2.56
-27.26 -7.46 -3.19 5.33
-24.21 -6.05 -0.5 3.69
-18.24 -4.87 2.64 2.05
-17.07 -1.3 6.07 2.34
-14.43 2.29 6.19 2.63
-12.56 5.63 8.37 0.87
-9.23 9.75 9.18 2.5
-8.01 13.09 11.72 4.14
-6.34 15.49 14.47 4.4
-4.54 17.62 17.46 4.65
-3.27 19.59 21.06 4.54
-1.58 20.98 25.46 3.6
4.06 22.37 28.3 2.36
7.81 24.14 31.76 1.12
11.12 25.15 35.78 2.05
12.53 28.86 39.58 5.51
15.36 30.07 42.58 8.97

-75.84 9.4 -22.16 4.21
-73.74 13.06 -18.28 1.4
-72.1 15.77 -15.7 3.22
-71.72 19.24 -13.43 5.04
-71.26 22.56 -10.85 6.86
-67.15 26.87 -6.0 8.68
-64.26 28.28 -3.5 8.68
-59.72 30.04 -0.95 7.72
-56.52 31.79 5.67 5.66
-52.89 33.8 8.59 4.52
-53.1 37.6 9.98 5.24
-54.01 41.72 11.53 5.97
-51.2 46.96 15.61 8.67
-46.0 50.27 19.03 4.89
-40.35 48.92 20.48 4.98
-37.25 49.94 22.82 5.07
-34.45 53.69 24.86 4.12
-31.75 56.1 28.54 3.17
-27.66 55.9 32.89 0.54
-27.21 60.75 34.12 2.65
-25.18 66.22 36.4 4.19
-18.75 67.98 38.47 6.71

-36.5 -24.81 -26.13 6.99
-33.67 -22.32 -23.17 6.77
-30.68 -19.78 -20.86 6.55
-27.84 -15.77 -17.7 6.11
-24.33 -11.89 -15.36 2.25
-17.59 -9.0 -17.04 2.44
-11.73 -5.45 -13.49 2.16
-8.28 -2.74 -12.16 1.29
-6.18 1.51 -9.52 0.41
-3.46 6.0 -6.25 1.6
-2.88 9.1 -2.7 2.78
-1.57 14.53 2.22 2.6
-0.24 17.99 6.02 4.43
4.38 21.27 7.61 3.78
9.78 24.11 10.12 1.29
14.62 25.27 14.5 0.35
18.33 28.69 16.91 1.88
20.03 33.19 18.88 2.26
25.1 37.13 22.09 6.81

-75.95 1.8 -13.96 4.17
-72.4 5.35 -9.12 6.81
-67.79 8.23 -5.64 5.76
-64.39 10.97 -3.05 6.05
-61.03 13.78 -2.45 4.9
-55.99 15.43 -1.02 3.74
-52.92 17.26 1.4 3.09
-50.1 18.99 4.33 2.45
-48.82 23.29 10.08 4.3
-46.63 27.27 14.51 1.78
-46.19 30.23 18.85 5.04
-45.13 33.55 23.09 5.73
-42.19 36.05 25.41 6.42
-37.6 38.87 26.75 4.53
-32.85 39.76 28.19 3.33
-29.12 43.18 32.06 3.2
-33.21 45.49 33.81 4.95
-37.32 49.73 37.9 6.7
-36.84 53.78 41.82 8.11

-78.55 20.96 -29.35 1.19
-75.65 23.29 -27.85 4.33
-73.52 26.62 -25.58 1.62
-74.9 34.2 -23.6 4.9
-72.65 36.68 -21.36 6.73
-70.63 39.25 -19.04 8.55
-68.29 41.58 -16.15 7.88
-65.32 43.68 -13.64 7.21
-60.89 43.22 -10.31 5.5
-56.78 42.97 -7.45 3.49
-53.78 45.09 -5.19 1.47
-50.22 50.25 -0.28 5.77
-47.66 52.57 1.82 3.46
-45.51 55.7 4.27 1.16
-43.08 58.73 6.47 6.21
-37.72 61.61 11.22 5.85
-35.3 64.54 14.16 5.72
-33.73 67.37 17.03 6.56
-31.22 69.91 19.62 7.25
-30.1 74.41 22.49 7.95
-27.24 77.34 23.78 9.9
-23.94 80.09 27.09 0.22

14.06 -22.34 -81.92 7.88
19.06 -19.44 -80.71 8.13
22.27 -15.39 -78.08 6.13
22.67 -9.77 -72.54 4.14
24.09 -6.17 -67.29 5.73
23.44 -3.33 -63.25 2.0
22.3 -1.14 -59.32 3.85
25.67 1.62 -56.67 5.69
28.3 3.82 -53.47 5.5
31.24 6.31 -51.9 5.3
36.21 10.86 -51.22 5.08
39.47 15.03 -47.46 1.94
42.91 15.77 -41.38 4.53
45.7 17.01 -37.28 2.68
47.0 19.25 -34.23 2.22
48.42 21.37 -31.13 1.77
52.82 23.09 -31.79 3.28
56.75 26.14 -33.35 4.79
60.98 29.48 -31.44 6.26
63.95 32.17 -27.46 6.64
67.29 35.66 -24.75 7.02
67.33 39.31 -22.6 5.79
66.21 42.36 -19.2 4.55

11.44 -47.26 -51.04 3.94
16.29 -43.38 -49.44 1.72
18.08 -38.82 -47.17 3.01
20.24 -36.02 -44.53 2.1
23.49 -34.66 -40.7 1.2
28.38 -33.09 -34.74 1.66
31.06 -32.39 -28.07 3.06
34.24 -28.96 -23.02 3.99
38.33 -25.41 -21.57 4.41
41.28 -20.39 -21.03 4.82
42.16 -16.22 -18.67 4.41
43.07 -12.46 -15.94 3.99
47.18 -9.36 -12.36 2.02
50.87 -7.55 -7.68 1.27
54.53 -5.19 -3.87 0.52
56.84 -3.03 -0.75 1.1
57.8 -0.71 3.98 1.69
62.87 2.67 7.81 3.1
65.42 5.27 11.1 3.86

6.48 -48.22 -46.78 1.42
10.15 -44.99 -43.47 1.57
11.4 -41.09 -37.06 1.72
15.31 -37.56 -34.74 1.87
21.22 -32.57 -33.22 2.02
22.65 -29.23 -30.96 3.23
24.7 -25.75 -28.17 4.44
25.48 -22.82 -24.96 5.01
27.75 -20.83 -22.17 5.58
29.89 -19.51 -18.64 4.89
32.76 -18.31 -15.72 3.54
35.63 -16.38 -13.19 2.2
38.86 -14.89 -10.37 1.53
43.4 -11.23 -7.45 2.11
46.18 -9.2 -4.68 2.4
48.46 -6.9 -2.19 2.69
51.85 -3.97 1.94 3.84
